waypoints = [-47.8062996933894 36.4959497279103 0.01;
    -39.98 30.78 0.01;
    -25.92 22.21 0.01;
    -10.75 14.25 0.01;
    2.13 5.82 0.01;
    15.91 -4.04 0.01;
    21.41 -6.87 0.01;
    28.09 -8.87 0.01;
    34.7 -10.48 0.01;
    37.6 -11.22 0.01;
    42.35 -12.26 0.01;
    51.16 -14.13 0.01;
    67.34 -16.89 0.01;
    83 -18.72 0.01;
    94.95 -17.16 0.01;
    110.87 -12.42 0.01;
    126.09 -12.91 0.01;
    139.45 -12.32 0.01;
    156.16 -11.74 0.01;
    169.78 -11.26 0.01;
    185.49 -9.66 0.01;
    198 -8.18 0.01;
    203.46 -7.81 0.01;
    213.58 -15.78 0.01;
    223.63 -23.07 0.01;
    229.22 -25.18 0.01;
    232.62 -26.32 0.01;
    243.52 -28.02 0.01;
    251.28 -29.57 0.01;
    258.78 -32.59 0.01;
    264.14 -37.47 0.01;
    268.43 -43.51 0.01;
    271.18 -50.45 0.01;
    272.52 -59.89 0.01;
    272.88 -69.87 0.01;
    271 -95.9 0;
    268 -123.6 0;
    265.3 -154.8 0;
    262 -187.2 0;
    258.5 -218.9 0;
    257.1 -234.9 0]